                   2013    2014    2015     ene-16   feb-16  mar-16  abr-16  may-16
BUCARAMANGA                                 155.781  162.991 144.851 139.729 120.414
CALI                                        137.527  111.842 185.503 127.199 178.622
CARTAGENA                                   139.197  139.616 128.454 117.174 114.551
COTA                                        119.540  132.442 183.807 125.844 125.292
MEDELLIN                                    110.141  99.762  97.168  89.713  100.504
PEREIRA                                     115.470  86.755  118.520 96.182  101.103
(BAGUE                                      104.002  124.858 139.565 106.351 107.884
NEIVA                                       108.346  97.629  122.485 97.293  129.722
TOCANCIPA II                                96.035   91.524  116.365 82.773  135.448
VILLAVICENCIO                               176.566  182.722 222.055 171.936 221.170
SANTA MARTA                                 140.357  129.033 115.769 112.907 142.092









COP/t              110.714 127.406 109.998  121.234  117.919 142.127 109.991 127.113

